// "The" Maze.
// The integer -> cell equivalent can be found within `cell.h`.
// The maze has to be 31x28. TODO: Update the code to have have a flexible maze.
// TODO: Add a guide here on creating custom mazes.
01 02 02 02 02 02 02 02 02 02 02 02 02 08 08 02 02 02 02 02 02 02 02 02 02 02 02 03 
06 00 00 00 00 00 00 00 00 00 00 00 00 07 07 00 00 00 00 00 00 00 00 00 00 00 00 06 
06 00 10 02 02 11 00 10 02 02 02 11 00 07 07 00 10 02 02 02 11 00 10 02 02 11 00 06 
06 00 07 00 00 07 00 07 00 00 00 07 00 07 07 00 07 00 00 00 07 00 07 00 00 07 00 06 
06 00 09 02 02 12 00 09 02 02 02 12 00 09 12 00 09 02 02 02 12 00 09 02 02 12 00 06 
06 00 00 00 00 00 00 00 00 00 00 00 00 00 00 00 00 00 00 00 00 00 00 00 00 00 00 06 
06 00 10 02 02 11 00 10 11 00 10 02 02 02 02 02 02 11 00 10 11 00 10 02 02 11 00 06 
06 00 09 02 02 12 00 07 07 00 09 02 02 11 10 02 02 12 00 07 07 00 09 02 02 12 00 06 
06 00 00 00 00 00 00 07 07 00 00 00 00 07 07 00 00 00 00 07 07 00 00 00 00 00 00 06 
06 00 00 00 00 00 00 07 09 02 02 11 00 07 07 00 10 02 02 12 07 00 00 00 00 00 00 06 
06 00 00 00 00 00 00 07 10 02 02 12 00 09 12 00 09 02 02 11 07 00 00 00 00 00 00 06 
06 00 00 00 00 00 00 07 07 00 00 00 00 00 00 00 00 00 00 07 07 00 00 00 00 00 00 06 
06 00 00 00 00 00 00 07 07 00 00 00 00 00 00 00 00 00 00 07 07 00 00 00 00 00 00 06 
06 00 00 00 00 00 00 09 12 00 00 00 00 00 00 00 00 00 00 09 12 00 00 00 00 00 00 06 
06 00 00 00 00 00 00 00 00 00 00 00 00 00 00 00 00 00 00 00 00 00 00 00 00 00 00 06 
06 00 00 00 00 00 00 10 11 00 00 00 00 00 00 00 00 00 00 10 11 00 00 00 00 00 00 06 
06 00 00 00 00 00 00 07 07 00 00 00 00 00 00 00 00 00 00 07 07 00 00 00 00 00 00 06 
06 00 00 00 00 00 00 07 07 00 00 00 00 00 00 00 00 00 00 07 07 00 00 00 00 00 00 06 
06 00 00 00 00 00 00 07 07 00 10 02 02 02 02 02 02 11 00 07 07 00 00 00 00 00 00 06 
06 00 00 00 00 00 00 09 12 00 09 02 02 11 10 02 02 12 00 09 12 00 00 00 00 00 00 06 
06 00 00 00 00 00 00 00 00 00 00 00 00 07 07 00 00 00 00 00 00 00 00 00 00 00 00 06 
06 00 10 02 02 11 00 10 02 02 02 11 00 07 07 00 10 02 02 02 11 00 10 02 02 11 00 06 
06 00 09 02 11 07 00 09 02 02 02 12 00 09 12 00 09 02 02 02 12 00 07 10 02 12 00 06 
06 00 00 00 07 07 00 00 00 00 00 00 00 00 00 00 00 00 00 00 00 00 07 07 00 00 00 06 
06 00 00 00 07 07 00 10 11 00 10 02 02 02 02 02 02 02 02 11 00 00 07 07 00 00 00 06 
06 00 00 00 09 12 00 07 07 00 09 02 02 02 11 10 02 02 02 12 00 00 09 12 00 00 00 06 
06 00 00 00 00 00 00 07 07 00 00 00 00 00 07 07 00 00 00 00 00 00 00 00 00 00 00 06 
06 00 10 02 02 02 02 12 09 02 02 02 11 00 07 07 00 10 02 02 02 02 02 02 02 11 00 06 
06 00 09 02 02 02 02 02 02 02 02 02 12 00 09 12 00 09 02 02 02 02 02 02 02 12 00 06 
06 00 00 00 00 00 00 00 00 00 00 00 00 00 00 00 00 00 00 00 00 00 00 00 00 00 00 06 
04 02 02 02 02 02 02 02 02 02 02 02 02 02 02 02 02 02 02 02 02 02 02 02 02 02 02 05 